ç£‘¡Iq=m
packet contents: 01 58 00 36 01 3D 01 68 00 00 00 CD 00 00 00 CD 06 13 00 51 00 00 00 00 00 00 00 76 25 07 97 BD 28 AE 
packet contents: 01 B8 00 F6 01 3D 01 B8 00 34 01 2C 00 00 01 2C 06 14 00 48 00 00 00 00 00 01 00 76 25 07 97 66 27 B0 
packet contents: 01 A1 00 C8 01 3D 01 B8 00 37 01 80 00 00 01 80 06 15 00 48 00 00 00 00 00 01 00 76 25 07 97 43 27 B0 
packet contents: 01 AB 00 DC 01 3D 01 B8 00 3B 01 70 00 00 01 80 06 16 00 48 00 00 00 00 00 01 00 76 25 07 97 A2 26 AE 
packet contents: 01 AF 00 E4 01 3D 01 B8 00 3E 01 59 00 00 01 80 06 17 00 48 00 00 00 00 00 01 00 76 25 07 97 B3 25 B0 
packet contents: 01 B5 00 F0 01 3D 01 B8 00 42 01 54 00 00 01 80 06 18 00 48 00 00 00 00 00 01 00 76 25 07 97 C3 26 AF 
packet contents: 01 B9 00 F8 01 3D 01 B9 00 45 01 51 00 00 01 80 06 19 00 48 00 00 00 00 00 01 00 76 25 07 97 C5 25 B1 
packet contents: 01 BE 01 02 01 3D 01 BE 00 48 01 51 00 00 01 80 06 1A 00 48 00 00 00 00 00 01 00 76 25 07 97 30 24 B0 
packet contents: 01 B8 00 F6 01 3D 01 BE 00 4C 01 6D 00 00 01 80 06 1B 00 48 00 00 00 00 00 01 00 76 25 07 97 FA 25 B0 
packet contents: 01 A5 00 D0 01 3D 01 BE 00 4F 01 27 00 00 01 80 06 1C 00 48 00 00 00 00 00 01 00 76 25 07 97 8F 26 AF 
packet contents: 01 A0 00 C6 01 3D 01 BE 00 52 00 FF 00 00 01 80 06 1D 00 48 00 00 00 00 00 01 00 76 25 07 97 59 27 AF 
packet contents: 01 A0 00 C6 01 3D 01 BE 00 56 00 FE 00 00 01 80 06 1E 00 48 00 00 00 00 00 01 00 76 25 07 97 5F 26 AF 
packet contents: 01 9E 00 C2 01 3D 01 BE 00 59 01 00 00 00 01 80 06 1F 00 48 00 00 00 00 00 01 00 76 25 07 97 94 24 AF 
packet contents: 01 9E 00 C2 01 3D 01 BE 00 5C 01 27 00 00 01 80 06 20 00 48 00 00 00 00 00 01 00 76 25 07 97 89 24 AF 
packet contents: 01 9C 00 BE 01 3D 01 BE 00 5F 00 FE 00 00 01 80 06 21 00 48 00 00 00 00 00 01 00 76 25 07 97 2D 23 AF 
packet contents: 01 9B 00 BC 01 3D 01 BE 00 63 01 02 00 00 01 80 06 22 00 48 00 00 00 00 00 01 00 76 25 07 97 EA 23 AF 
packet contents: 01 89 00 98 01 3D 01 BE 00 66 00 DA 00 00 01 80 06 23 00 48 00 00 00 00 00 01 00 76 25 07 97 01 23 AF 
packet contents: 01 77 00 74 01 3D 01 BE 00 69 00 BD 00 00 01 80 06 24 00 48 00 00 00 00 00 01 00 76 25 07 97 7C 22 AF 
packet contents: 01 72 00 6A 01 3D 01 BE 00 6B 00 A8 00 00 01 80 06 25 00 48 00 00 00 00 00 01 00 76 25 07 97 71 28 AD 
packet contents: 01 63 00 4C 01 3D 01 BE 00 00 00 91 00 00 01 80 06 26 00 48 00 00 00 00 00 01 00 76 25 07 97 17 2A AF 
packet contents: 01 5F 00 44 01 3D 01 BE 00 00 00 90 00 00 01 80 06 27 00 48 00 00 00 00 00 01 00 76 25 07 97 23 2C B0 
packet contents: 01 59 00 38 01 3D 01 BE 00 00 00 92 00 00 01 80 06 28 00 48 00 00 00 00 00 01 00 76 25 07 97 54 2C AF 
packet contents: 01 56 00 32 01 3D 01 BE 00 00 00 93 00 00 01 80 06 29 00 48 00 00 00 00 00 01 00 76 25 07 97 51 2A AF 
packet contents: 01 53 00 2C 01 3D 01 BE 00 00 00 92 00 00 01 80 06 2A 00 48 00 00 00 00 00 01 00 76 25 07 97 48 28 AF 
packet contents: 01 53 00 2C 01 3D 01 BE 00 00 00 91 00 00 01 80 06 2B 00 48 00 00 00 00 00 01 00 76 25 07 97 4A 1C B0 
packet contents: 01 52 00 2A 01 3D 01 BE 00 00 00 97 00 00 01 80 06 2C 00 48 00 00 00 00 00 01 00 76 25 07 97 4C 25 AF 
packet contents: 01 51 00 28 01 3D 01 BE 00 00 00 9D 00 00 01 80 06 2D 00 48 00 00 00 00 00 01 00 76 25 07 97 46 22 AE 
packet contents: 01 4F 00 24 01 3D 01 BE 00 00 00 98 00 00 01 80 06 2E 00 48 00 00 00 00 00 01 00 76 25 07 97 52 26 AC 
packet contents: 01 4F 00 24 01 3D 01 BE 00 00 00 99 00 00 01 80 06 2F 00 48 00 00 00 00 00 01 00 76 25 07 97 52 28 AE 
packet contents: 01 4C 00 1E 01 3D 01 BE 00 00 00 9A 00 00 01 80 06 30 00 48 00 00 00 00 00 01 00 76 25 07 97 77 29 B0 
packet contents: 01 4B 00 1C 01 3D 01 BE 00 00 00 9D 00 00 01 80 06 31 00 48 00 00 00 00 00 01 00 76 25 07 97 74 2B B0 
packet contents: 01 4A 00 1A 01 3D 01 BE 00 00 00 98 00 00 01 80 06 32 00 48 00 00 00 00 00 01 00 76 25 07 97 75 2D AF 
packet contents: 01 49 00 18 01 3D 01 BE 00 00 00 98 00 00 01 80 06 33 00 48 00 00 00 00 00 01 00 76 25 07 97 75 2C AF 
packet contents: 01 47 00 14 01 3D 01 BE 00 00 00 9B 00 00 01 80 06 34 00 48 00 00 00 00 00 01 00 76 25 07 97 73 2B B0 
packet contents: 01 52 00 2C 01 3C 01 BE 00 00 00 C1 00 00 01 80 06 3D 00 48 00 00 00 00 00 01 00 76 25 07 97 0C 29 AF 
packet contents: 01 66 00 54 01 3C 01 BE 00 00 00 E7 00 00 01 80 06 3E 00 48 00 00 00 00 00 01 00 76 25 07 97 65 28 AF 
packet contents: 01 66 00 54 01 3C 01 BE 00 00 01 0F 00 00 01 80 06 3F 00 48 00 00 00 00 00 01 00 76 25 07 97 8D 28 AF 
packet contents: 01 6C 00 60 01 3C 01 BE 00 00 00 E3 00 00 01 80 06 40 00 48 00 00 00 00 00 01 00 76 25 07 97 21 28 B0 
packet contents: 01 6E 00 64 01 3C 01 BE 00 B5 00 E2 00 00 01 80 06 41 00 48 00 00 00 00 00 01 00 76 25 07 97 92 29 B0 
packet contents: 01 72 00 6C 01 3C 01 BE 00 B8 00 E4 00 00 01 80 06 42 00 48 00 00 00 00 00 01 00 76 25 07 97 8E 2E B1 
packet contents: 01 73 00 6E 01 3C 01 BE 00 BB 00 E1 00 00 01 80 06 43 00 48 00 00 00 00 00 01 00 76 25 07 97 8A 2D B1 
packet contents: 01 75 00 72 01 3C 01 BE 00 BE 00 E1 00 00 01 80 06 44 00 48 00 00 00 00 00 01 00 76 25 07 97 92 33 B1 
packet contents: 01 77 00 76 01 3C 01 BE 00 C1 00 E0 00 00 01 80 06 45 00 48 00 00 00 00 00 01 00 76 25 07 97 EB 30 B1 
packet contents: 01 77 00 76 01 3C 01 BE 00 C4 00 E4 00 00 01 80 06 46 00 48 00 00 00 00 00 01 00 76 25 07 97 E9 2C B0 
packet contents: 01 7A 00 7C 01 3C 01 BE 00 C6 00 E4 00 00 01 80 06 47 00 48 00 00 00 00 00 01 00 76 25 07 97 ED 29 B0 
